0.0 123999.8984375
0.061734912 123643.6640625
0.123076608 123255.65625
0.18428723200000002 122835.9765625
0.24562892800000002 122384.3984375
0.306577408 121901.5078125
0.36700160000000004 121387.3046875
0.42755686400000004 120841.4296875
0.48811212800000003 120264.7109375
0.548929536 119656.7890625
0.609222656 119017.671875
0.669515776 118347.9296875
0.73007104 117647.4609375
0.790626304 116916.4921875
0.851443712 116155.015625
0.9125232640000001 115363.2734375
0.9732096 114541.1484375
1.03415808 113689.2265625
1.094582272 112807.609375
1.155268608 111896.1953125
1.215430656 110955.2109375
1.27598592 109984.7734375
1.3366722560000002 108985.1171875
1.397751808 107951.34375
1.4587002880000002 106888.359375
1.5196487680000001 105796.3828125
1.58007296 104675.3046875
1.640103936 103525.703125
1.7005281280000002 102347.6953125
1.761214464 101141.3984375
1.8215075840000001 99906.9296875
1.882324992 98644.640625
1.9426181120000001 97354.7578125
2.002649088 96037.2890625
2.062811136 94692.5703125
2.1228421120000003 93320.8515625
2.183266304 91922.46875
2.244214784 90497.4296875
2.304770048 89046.1953125
2.3650631680000003 87568.765625
2.424963072 86065.6171875
2.4853872640000003 84536.8515625
2.546597888 82982.5859375
2.606235648 81403.296875
2.6656112640000003 79798.9765625
2.725511168 78170.2109375
2.786197504 76517.0
2.8475392000000004 74835.9609375
2.9074391040000003 73130.9375
2.9672079360000003 71402.0546875
3.027632128 69649.421875
3.0887116800000003 67873.5078125
3.147956224 66074.5390625
3.2072007680000003 64252.875
3.2673628160000003 62408.85546875
3.3283112960000003 60542.6015625
3.386769408 58654.46484375
3.4457518080000002 56744.66796875
3.5059138560000003 54813.45703125
3.5667312640000004 52861.2890625
3.624534016 50888.1640625
3.6831232000000003 48894.66796875
3.7431541760000004 46881.03125
3.802923008 44847.37109375
3.860463616 42792.05859375
3.9193149440000004 40717.3046875
3.97934592 38623.4609375
4.037541888000001 36510.87109375
4.09534464 34379.7734375
4.15432704 32230.62890625
4.213309440000001 30063.673828125
4.26901504 27879.375
4.326817792 25678.193359375
4.384751616 23460.015625
4.44203008 21225.423828125
4.497473536 18975.232421875
4.553572352000001 16709.439453125
4.608229376000001 14428.98046875
4.660002816 12134.0849609375
4.711907328000001 9825.453125
4.767875072000001 7504.01513671875
4.812046336 6675.25439453125
4.854644736 5966.51806640625
4.9010442240000005 5377.8056640625
4.938792960000001 4909.00146484375
4.972085248 4560.22119140625
5.101453312 4331.46484375
5.1384156160000005 4222.73291015625
5.166071808000001 4234.025390625
5.194121216 4365.22509765625
5.222170624 4616.44970703125
5.249695744 4987.6982421875
5.277220864 5478.970703125
5.3048770560000005 6090.267578125
5.333057536 6821.47216796875
5.36870912 7672.701171875
5.399379968000001 7138.8203125
5.419958272000001 8093.193359375
5.450366976000001 7661.40869140625
5.480906752 7213.67529296875
5.50109184 8254.3115234375
5.530845184 7908.32568359375
5.5608606720000004 7546.27392578125
5.5912693760000005 8673.0576171875
5.620498432000001 8412.287109375
5.6589025280000005 8135.21923828125
5.698093056 7841.61962890625
5.737414656 7531.955078125
5.766905856 8710.892578125
5.805703168 8502.2763671875
5.844893696000001 8277.12890625
5.884215296000001 8035.5673828125
5.9244544 7777.3583984375
5.96508672 7502.85107421875
5.983961088 8717.0625
6.02210304 8543.720703125
6.060507136 8353.6142578125
6.09943552 8146.97705078125
6.138626048000001 7923.80908203125
6.178471936 7684.10986328125
6.2191042560000005 7428.1123046875
6.249512960000001 8660.6015625
6.278873088 8505.5361328125
6.317277184000001 8333.70703125
6.356598784 8145.23095703125
6.396051456 7940.33984375
6.4356352 7718.91796875
6.475743232 7481.08154296875
6.506151936 8731.7314453125
6.5456046080000005 8594.8271484375
6.574964736 8441.158203125
6.613368832000001 8270.7265625
6.652035072 8083.763671875
6.689652736 7880.1533203125
6.7294986240000005 7660.12841796875
6.769475584 7423.80517578125
6.799491072 8675.8515625
6.838812672 8540.4609375
6.8684349440000005 8388.189453125
6.906970112000001 8219.2705078125
6.9457674240000005 8033.705078125
6.9850890240000005 7831.49169921875
7.024803840000001 7612.97998046875
7.054688256 8883.1875
7.093354496000001 8765.375
7.132282880000001 8630.798828125
7.171735552 8479.458984375
7.201226752 8311.35546875
7.240286208000001 8126.720703125
7.279214592000001 7925.4384765625
7.318667264 7707.62548828125
7.358906368 7473.39794921875
7.387611136 8727.7734375
7.426801664 8594.4775390625
7.4561617920000005 8444.41796875
7.494959104 8277.5947265625
7.533625344000001 8094.24072265625
7.572553728000001 7894.2392578125
7.611875328000001 7677.8232421875
7.651721216 7444.87646484375
7.681474560000001 8700.5322265625
7.720796160000001 8568.5166015625
7.7603799040000006 8419.8544921875
7.790002176000001 8254.4287109375
7.828537344000001 8072.35498046875
7.867990016 7873.75048828125
7.907442688000001 7658.73095703125
7.947550720000001 7427.29736328125
7.977828352 8684.2333984375
8.017149952 8553.6162109375
8.056864768 8406.234375
8.085045248 8242.205078125
8.123711488 8061.64453125
8.162770944 7864.43701171875
8.202223616000001 7650.81494140625
8.242200576 7420.89453125
8.272084992 8679.2275390625
8.311144448 8550.0068359375
8.350859264 8403.9052734375
8.380481536000001 8241.2734375
8.419278848000001 8061.99365234375
8.45873152 7866.06689453125
8.498315264 7653.72509765625
8.538423296000001 7425.08544921875
8.568438784000001 8684.69921875
8.608022528000001 8556.7587890625
8.647737344000001 8412.1708984375
8.677359616 8250.8193359375
8.716288 8072.93701171875
8.755740672 7878.29052734375
8.793882624 7667.2294921875
8.833728512 7439.75390625
8.863744 8700.6484375
8.902934528000001 8573.98828125
8.9423872 8430.564453125
8.972140544 8270.376953125
9.011068928 8093.65869140625
9.050128384 7900.4091796875
9.089712128 7690.5126953125
9.129820160000001 7464.3173828125
9.159835648000001 8726.609375
9.198895104 8601.2294921875
9.238740992 8458.9697265625
9.268363264000001 8299.947265625
9.307029504 8124.27587890625
9.346220032 7931.9580078125
9.385672704000001 7723.341796875
9.425649664 7498.31103515625
9.456189440000001 8761.7666015625
9.493938176 8637.55078125
9.533390848 8496.572265625
9.56301312 8338.712890625
9.601941504000001 8164.32275390625
9.640869888000001 7973.28515625
9.680191488 7765.83349609375
9.719775232 7541.85009765625
9.749659648 8806.4697265625
9.788981248 8683.185546875
9.82843392 8543.2548828125
9.85792512 8386.5595703125
9.89659136 8213.2177734375
9.935388672 8023.2275390625
9.974972416 7816.70654296875
10.020585472 7593.771484375
10.050469888 8859.5556640625
10.089791488000001 8737.435546875
10.129768448 8598.435546875
10.159259648 8442.5556640625
10.196353024 8270.2607421875
10.235936768 8081.20263671875
10.275258368000001 7875.61279296875
10.314973184000001 7653.60888671875
10.355212288 7415.306640625
10.385489920000001 8665.2578125
10.425073664000001 8527.6552734375
10.454564864 8373.4052734375
10.49296896 8202.390625
10.5316352 8014.845703125
10.570956800000001 7810.6533203125
10.611064832 7590.16259765625
10.640818176 8858.390625
10.679615488000001 8738.7158203125
10.719592448 8602.1611328125
10.749083648000001 8448.841796875
10.787487744 8278.7587890625
10.826416128 8092.02880859375
10.865999872000002 7888.88427734375
10.904272896 7669.20849609375
10.943987712 7433.23486328125
10.9740032 8685.630859375
11.013193728000001 8550.47265625
11.053432832 8398.55078125
11.083317248 8229.865234375
11.122245632 8044.64794921875
11.161174016 7842.900390625
11.20075776 7624.73779296875
11.230511104000001 8895.294921875
11.269308416000001 8777.83203125
11.308498944 8643.48828125
11.34821376 8492.498046875
11.37770496 8324.7431640625
11.416764416000001 8140.34130859375
11.455823872 7939.40869140625
11.496456192 7721.94482421875
11.536433152 7488.1826171875
11.566579712000001 8742.9072265625
11.604852736000002 8609.9609375
11.634343936 8460.2509765625
11.672748032000001 8293.7763671875
11.711414272 8110.77197265625
11.750473728000001 7911.11962890625
11.7899264 7694.9365234375
11.829641216 7462.455078125
11.860312064 8718.4599609375
11.899633664000001 8586.7939453125
11.939217408000001 8438.3642578125
11.96883968 8273.2880859375
12.008554496 8091.44677734375
12.047876096000001 7893.0751953125
12.087328768 7678.17236328125
12.128092160000001 7446.85546875
12.15823872 8704.0244140625
12.197691392000001 8573.6396484375
12.237275136000001 8426.490234375
12.266897408 8262.6943359375
12.304252928 8082.25
12.343312384 7885.1591796875
12.383158272000001 7671.6533203125
12.423921664000002 7441.73291015625
12.453937152 8700.298828125
12.49312768 8571.1943359375
12.532711424 8425.4423828125
12.562202624000001 8262.9267578125
12.601917440000001 8083.763671875
12.641107968 7888.0693359375
12.680560640000001 7675.96044921875
12.721061888000001 7447.4375
12.751077376000001 8707.2841796875
12.790398976 8579.576171875
12.82998272 8435.1044921875
12.859473920000001 8273.8701171875
12.89814016 8096.103515625
12.937330688000001 7901.68994140625
12.977700864000001 7690.74560546875
13.016367104 7463.5029296875
13.046513664 8724.6298828125
13.086621696000002 8598.203125
13.126467584 8455.01171875
13.156089856000001 8295.0576171875
13.195673600000001 8118.455078125
13.235257344 7925.322265625
13.27497216 7715.658203125
13.314818048000001 7489.57958984375
13.344964608000002 8751.9873046875
13.384155136 8626.6083984375
