0.0 133999.96875
0.061341696 133628.84375
0.122683392 133224.765625
0.18389401600000002 132787.5
0.245366784 132317.421875
0.30552883200000003 131814.15625
0.366084096 131278.421875
0.42663936 130709.9609375
0.48732569600000003 130109.0234375
0.548143104 129475.4921875
0.6084362240000001 128810.0625
0.668860416 128112.5
0.72941568 127382.578125
0.7901020160000001 126621.1015625
0.8509194240000001 125827.8515625
0.9121300480000001 125003.1640625
0.972816384 124146.9296875
1.033109504 123259.375
1.093664768 122340.859375
1.1544821760000001 121391.265625
1.214775296 120410.9296875
1.27533056 119400.2109375
1.3361479680000001 118358.9921875
1.397358592 117287.625
1.458307072 116186.1015625
1.518600192 115054.7734375
1.579155456 113894.0
1.639317504 112703.5390625
1.699741696 111483.96875
1.7605591040000002 110235.4140625
1.8211143680000001 108957.875
1.881145344 107646.6875
1.941569536 106306.6328125
2.0017315840000003 104937.8203125
2.062155776 103540.8359375
2.122186752 102115.6796875
2.182873088 100662.46875
2.243035136 99181.546875
2.3037214720000003 97673.2734375
2.3642767360000003 96137.75
2.424307712 94575.34375
2.48512512 92986.15625
2.545287168 91370.6640625
2.605187072 89728.96875
2.66469376 88061.3203125
2.724855808 86368.1796875
2.7859353600000003 84649.5390625
2.846359552 82905.640625
2.9065216 81136.9375
2.9664215040000004 79343.6796875
3.027238912 77526.203125
3.0872698880000002 75681.015625
3.146776576 73811.734375
3.2061521920000002 71918.828125
3.266838528 70002.515625
3.3267384320000004 68062.9140625
3.3854586880000004 66100.5
3.444703232 64115.62109375
3.505258496 62108.390625
3.5648962560000004 60079.26953125
3.6228300800000004 58028.49609375
3.682074624 55956.421875
3.7424988160000003 53863.390625
3.8008258560000003 51749.51953125
3.858890752 49615.39453125
3.9181352960000004 47461.24609375
3.9786905600000004 45287.07421875
4.0354447360000005 43091.48046875
4.093640704 40876.5625
4.153147392 38642.66796875
4.2100326400000005 36390.265625
4.266524672 34119.5859375
4.325244928 31831.091796875
4.384096256 29525.021484375
4.438228992 27201.953125
4.494852096000001 24862.005859375
4.5518684160000005 22505.52734375
4.602068992 20133.33203125
4.654891008 17745.65234375
4.708499456 15342.8408203125
4.756340736 12925.0107421875
4.800380928 10494.3759765625
4.8431104000000005 8050.70166015625
4.889509888 5594.92041015625
4.927127552 4628.32373046875
4.960550912 3781.751708984375
5.090050048 3055.20361328125
5.126750208000001 2448.679931640625
5.1544064 1962.0638427734375
5.182849024 1595.4720458984375
5.2105052160000005 1348.904296875
5.2380303360000005 1222.36083984375
5.265555456 1215.8416748046875
5.293473792 1329.2301025390625
5.321392128 1562.642822265625
5.3672673280000005 1916.079833984375
5.387845632 2389.541015625
5.418385408000001 2983.026123046875
5.449187328000001 3696.419189453125
5.469372416000001 4529.83642578125
5.498994688000001 5483.27783203125
5.529141248 6556.74365234375
5.549326336 7750.1171875
5.588647936 7558.03173828125
5.618139136 8854.5498046875
5.657198592 8763.1630859375
5.696520192 8654.8974609375
5.725880320000001 8529.8671875
5.76454656 8388.0732421875
5.803474944 8229.6318359375
5.842665472 8054.54345703125
5.8825113600000005 7862.80712890625
5.9230126080000005 7654.65673828125
5.953552384 7430.2080078125
5.9813396480000005 8694.0126953125
6.019612672 8570.2626953125
6.058409984000001 8429.6337890625
6.09746944 8272.47265625
6.137053184 8098.54833984375
6.177161216 7908.0927734375
6.20756992 7701.1064453125
6.247022592 7477.5888671875
6.276513792 8742.673828125
6.315573248000001 8620.0888671875
6.354894848000001 8480.623046875
6.39434752 8324.5107421875
6.434324480000001 8151.75
6.464208896000001 7962.34228515625
6.503661568 7756.40380859375
6.54311424 7534.05029296875
6.57260544 8800.2998046875
6.611140608 8678.7626953125
6.6500689920000005 8540.4609375
6.688079872 8385.3955078125
6.728056832 8213.6826171875
6.757941248000001 8025.439453125
6.796869632000001 7820.43212890625
6.836584448000001 7599.12646484375
6.866337792 8866.5400390625
6.905004032000001 8745.8173828125
6.944063488 8608.447265625
6.983778304 8454.3134765625
7.013269504 8283.5322265625
7.051935744000001 8095.9873046875
7.090601984 7892.02734375
7.129792512000001 7671.537109375
7.1693762560000005 7434.748046875
7.1991296 8686.3291015625
7.238320128000001 8550.3564453125
7.2775106560000005 8397.619140625
7.317356544000001 8228.2353515625
7.347372032000001 8042.203125
7.384989696000001 7839.640625
7.424442368 7620.66357421875
7.45406464 8890.4052734375
7.492861952 8772.0107421875
7.531659264000001 8636.96875
7.570980864 8485.1630859375
7.610564608000001 8316.7109375
7.6400558080000005 8131.49365234375
7.67885312 7929.74609375
7.718436864 7711.583984375
7.75815168 7477.0068359375
7.7879050240000005 8730.916015625
7.826833408000001 8597.1552734375
7.866417152 8446.6298828125
7.906263040000001 8279.3408203125
7.936016384 8095.521484375
7.975469056000001 7895.1708984375
8.014790656 7678.17236328125
8.054636544000001 7444.87646484375
8.082948096 8700.06640625
8.121876480000001 8567.7021484375
8.16119808 8418.4580078125
8.200912896 8252.6826171875
8.23066624 8070.14306640625
8.269463552000001 7871.07275390625
8.308785152 7655.4716796875
8.34863104 7423.572265625
8.378384384 8680.04296875
8.417705984000001 8548.958984375
8.457158656 8401.111328125
8.497004544000001 8236.6171875
8.52688896 8055.474609375
8.565948416000001 7857.80126953125
8.605663232000001 7643.71337890625
8.64550912 7413.21142578125
8.675393536000001 8671.0791015625
8.714452992 8541.275390625
8.754167808 8394.8251953125
8.792440832 8231.611328125
8.822194176 8051.74951171875
8.86112256 7855.3564453125
8.900444160000001 7642.54931640625
8.940158976000001 7413.32763671875
8.970174464000001 8672.4755859375
9.009102848000001 8544.0693359375
9.048424448 8398.8994140625
9.088532480000001 8236.9658203125
9.118285824 8058.384765625
9.157214208000001 7863.27294921875
9.196535808 7651.86279296875
9.236512768 7423.92138671875
9.266266112 8684.3505859375
9.305194496 8557.224609375
9.344516096000001 8413.3349609375
9.384361984 8252.798828125
9.414377472 8075.73095703125
9.453699072000001 7882.015625
9.491447808 7671.76953125
9.531031552 7444.99267578125
9.56104704 8706.818359375
9.599975424 8580.9736328125
9.639165952 8438.3642578125
9.678618624 8278.9921875
9.708240896000001 8102.97216796875
9.747169280000001 7910.53759765625
9.78649088 7701.45556640625
9.826074624 7475.958984375
9.855696896000001 8738.94921875
9.894494208000001 8614.2685546875
9.933684736 8472.9404296875
9.973530624 8314.7314453125
10.009051136 8139.9921875
10.047717376000001 7948.60546875
10.087694336 7740.6875
10.127409152 7516.35546875
10.157031424000001 8780.6259765625
10.194255872000001 8657.109375
10.234101760000001 8516.9453125
10.273685504000001 8359.900390625
10.313793536 8186.3251953125
10.343809024 7996.10302734375
10.382999552000001 7789.34912109375
10.422714368000001 7566.18115234375
10.45233664 8831.615234375
10.490871808000001 8709.2626953125
10.529800192000002 8570.146484375
10.569908224 8414.150390625
10.599530496 8241.3896484375
10.638065664 8052.0986328125
10.676994048000001 7846.2763671875
10.717233152 7624.15576171875
10.746855424000001 8890.7548828125
10.785390592 8769.216796875
10.824974336 8630.798828125
10.86455808 8475.8505859375
10.902831104 8304.1376953125
10.932453376000002 8115.77783203125
10.971512832 7910.88671875
11.010834432000001 7689.46484375
11.051335680000001 7451.62841796875
11.081351168000001 8702.2783203125
11.120279552000001 8565.2568359375
11.159601152 8411.5888671875
11.189223424000001 8241.2734375
11.227758592 8054.4267578125
11.266686976 7850.93310546875
11.306008576 7631.0244140625
11.345854464 7394.701171875
11.375607808 8646.748046875
11.414798336 8511.4736328125
11.45503744 8359.318359375
11.4950144 8190.5166015625
11.524898816 8005.06689453125
11.563958272 7803.20263671875
11.602362368000001 7584.8076171875
11.632115712000001 8855.1318359375
11.67065088 8737.5517578125
11.709579264 8603.091796875
11.748769792000001 8451.9853515625
11.788484608000001 8283.998046875
11.818500096000001 8099.4794921875
11.857821696 7898.43017578125
11.897143296000001 7680.96630859375
11.936989184000002 7446.9716796875
11.966873600000001 8701.462890625
12.00685056 8568.400390625
12.046303232000001 8418.4580078125
12.086018048000001 8251.9833984375
12.116557824000001 8068.8623046875
12.155879424 7869.09375
12.195201024000001 7653.02685546875
12.235046912000001 7420.42919921875
12.264800256000001 8676.201171875
12.302286848000001 8544.53515625
12.341608448 8396.10546875
12.382371840000001 8230.912109375
12.412387328000001 8049.18798828125
12.451446784000002 7850.93310546875
12.490768384 7636.0302734375
12.5304832 7404.82958984375
12.560367616 8661.998046875
12.600082432 8531.7294921875
12.639404032000002 8384.5810546875
12.679118848000002 8220.7841796875
12.709527552 8040.3408203125
12.748587008000001 7843.36572265625
12.787908608 7629.9765625
12.827623424 7400.1728515625
12.857376768 8658.7392578125
12.896305152 8529.7509765625
12.936544256000001 8383.9990234375
12.976390144000002 8221.599609375
13.004832768 8042.552734375
13.043892224 7847.09130859375
13.084131328000002 7635.09912109375
13.12423936 7406.57568359375
13.153992704 8666.421875
13.194100736000001 8538.8310546875
13.233815552000001 8394.4755859375
13.273530368000001 8233.4736328125
13.303283712 8055.70751953125
13.342343168000001 7861.41015625
13.381664768 7650.69873046875
13.42242816 7423.572265625
13.452312576 8684.8154296875
13.491109888 8558.5048828125
13.541834752000002 8415.4306640625
