0.0 153999.890625
0.061341696 153606.0625
0.12255232 153177.0625
0.18389401600000002 152713.03125
0.245366784 152213.734375
0.305790976 151679.96875
0.36621516800000004 151111.390625
0.42690150400000004 150508.25
0.48758784000000005 149870.171875
0.547749888 149198.0
0.608043008 148491.359375
0.668598272 147750.59375
0.729153536 146975.96875
0.789839872 146167.8125
0.850788352 145325.78125
0.9121300480000001 144450.109375
0.9729474560000001 143541.25
1.033240576 142598.984375
1.09379584 141623.546875
1.153957888 140615.15625
1.21438208 139567.53125
1.275068416 138486.734375
1.336016896 137372.984375
1.397489664 136226.765625
1.458307072 135047.828125
1.5187312640000001 133836.640625
1.578631168 132593.5625
1.6389242880000001 131318.46875
1.6996106240000002 130011.8203125
1.760428032 128673.96875
1.8211143680000001 127304.9296875
1.8812764160000002 125904.6875
1.94117632 124473.703125
2.0013383680000003 123012.4609375
2.06176256 121520.8359375
2.1220556800000003 119999.0546875
2.182873088 118447.46875
2.24329728 116866.546875
2.303459328 115256.0546875
2.364014592 113616.578125
2.42417664 111948.5859375
2.48512512 110251.828125
2.544631808 108526.90625
2.6046627840000003 106768.796875
2.6644316160000003 104982.640625
2.724855808 103168.65625
2.786066432 101327.078125
2.84557312 99458.265625
2.906128384 97562.5625
2.9661593600000002 95640.3125
3.027238912 93691.6328125
3.086352384 91717.0
3.1462522880000003 89716.6328125
3.2061521920000002 87690.890625
3.266838528 85640.0
3.325952 83564.1953125
3.3848033280000003 81463.953125
3.4445721600000003 79339.6015625
3.505258496 77191.2734375
3.563716608 75015.8203125
3.6221747200000003 72816.96875
3.68181248 70594.8359375
3.7424988160000003 68350.0
3.7996462080000004 66082.6953125
3.8581043200000003 63793.26953125
3.9178731520000003 61482.19140625
3.9769866240000002 59149.6953125
4.03439616 56796.125
4.092854272 54421.71875
4.15301632 52026.8203125
4.208197632 49611.90234375
4.265476096 47177.30859375
4.324851712 44723.2734375
4.381605888 42248.16796875
4.436393984 39754.3203125
4.494065664 37242.078125
4.548067328 34711.90625
4.599185408 32164.0390625
4.653056 29598.9453125
4.70810624 27017.203125
4.75136 24418.927734375
4.796710912 21804.47265625
4.841930752000001 19174.884765625
4.8783687680000005 16530.39453125
4.916117504000001 13871.7001953125
4.9496719360000005 11199.5029296875
5.078908928000001 8514.5
5.1157401600000005 5817.623046875
5.1432652800000005 4610.97802734375
5.171838976 3524.357421875
5.199364096 2557.760986328125
5.226889216 1711.0723876953125
5.254545408 984.407958984375
5.2825948160000005 377.7677307128906
5.310251008000001 124999888.0
