0.0 179999.96875
0.061865984000000006 179187.625
0.12320768000000001 178354.328125
0.18454937600000001 177500.53125
0.24608768 176626.25
0.30775705600000003 175731.140625
0.36929536 174815.765625
0.430309376 173879.78125
0.49119232 172923.203125
0.552206336 171946.25
0.61341696 170948.921875
0.674824192 169927.484375
0.7364280320000001 168885.453125
0.798294016 167823.15625
0.8593735680000001 166740.390625
0.9201909760000001 165637.34375
0.9812049920000001 164514.0625
1.04235008 163370.515625
1.1035607040000002 162206.9375
1.164836864 161023.0
1.2261785600000001 159819.265625
1.2871270400000001 158595.390625
1.348272128 157351.484375
1.409548288 156087.5625
1.471021056 154803.5
1.532362752 153499.765625
1.59350784 152176.015625
1.654259712 150832.46875
1.7154048000000002 149468.890625
1.776615424 148085.765625
1.8378260480000002 146682.71875
1.8992988160000002 145260.015625
1.9609681920000002 143817.515625
2.0215889920000003 142355.453125
2.0825374720000003 140873.828125
2.143813632 139372.65625
2.204762112 137848.78125
2.2660382720000003 136305.34375
2.3271833600000003 134742.46875
2.3879352320000002 133160.03125
2.449014784 131558.28125
2.510225408 129937.1953125
2.5716326400000002 128296.7890625
2.632712192 126637.171875
2.693922816 124958.2265625
2.755198976 123260.078125
2.816475136 121542.8359375
2.877620224 119806.5
2.9386342400000003 118051.0703125
2.999713792 116276.5546875
3.061055488 114483.0625
3.12246272 112670.59375
3.183214592 110839.375
3.2440320000000002 108989.1875
3.305373696 107117.8125
3.366649856 105227.578125
3.4274017280000004 103318.6015625
3.4879569920000004 101390.9921875
3.549364224 99444.765625
3.610181632 97479.90625
3.67067136 95496.5390625
3.731226624 93494.65625
3.7923061760000003 91474.2734375
3.852140544 89435.4921875
3.9128268800000003 87378.4296875
3.973054464 85302.9765625
4.03406848 83209.3671875
4.09370624 81097.4765625
4.154589184000001 78967.5390625
4.2148823040000005 76819.4453125
4.276617216 74651.5546875
4.336648192 72465.625
4.3974656 70261.765625
4.458283008 68039.984375
4.51805184 65800.3828125
4.578476032 63542.9765625
4.639424512000001 61267.75390625
4.6997176320000005 58974.8359375
4.759617536 56664.2265625
4.81951744 54336.03515625
4.879089664 51990.26953125
4.937940992000001 49627.03515625
5.005312 47246.34375
5.065801728 44848.1875
5.124063232 42431.75390625
5.181669376 39997.9765625
5.24189696 37546.96875
5.299044352 35078.84765625
5.354029056 32593.61328125
5.412421632 30091.265625
5.45947648 27571.921875
5.515444224 25035.8125
5.5564042240000004 22482.826171875
5.592514560000001 19913.306640625
5.6311808 17326.908203125
5.66919168 14724.09375
5.70097664 12105.09765625
5.736628224 9470.037109375
5.76520192 6819.14404296875
5.79403776 4854.2861328125
5.806620672 2889.42822265625
5.819138048 924.5704956054688
5.83172096 124998960.0
