0.0 279999.90625
0.061472768000000004 279217.03125
0.12281446400000001 278378.03125
0.18428723200000002 277483.84375
0.245825536 276534.59375
0.30756044800000004 275529.6875
0.36864 274469.25
0.429719552 273354.125
0.49060249600000005 272183.78125
0.551747584 270958.28125
0.612958208 269677.96875
0.6745620480000001 268342.21875
0.7362314240000001 266951.75
0.79757312 265506.78125
0.8587182080000001 264001.53125
0.9195356160000001 262441.8125
0.9806807040000001 260827.125
1.0418913280000002 259157.625
1.103167488 257433.625
1.16457472 255654.5625
1.2254576640000001 253821.140625
1.28647168 251933.8125
1.34774784 249992.015625
1.409220608 247995.953125
1.470693376 245945.765625
1.5321006080000001 243841.78125
1.592721408 241683.671875
1.653604352 239472.140625
1.714946048 237206.8125
1.7761566720000002 234888.046875
1.837498368 232516.09375
1.8991022080000002 230085.921875
1.9602472960000001 227602.671875
2.020933632 225066.09375
2.082013184 222476.546875
2.143420416 219833.796875
2.204499968 217138.203125
2.2652518400000003 214389.984375
2.326528 211589.5
2.387410944 208736.625
2.4486871040000002 205831.71875
2.509963264 202875.234375
2.570911744 199862.984375
2.632056832 196799.171875
2.6935951360000003 193683.78125
2.7549368320000003 190517.171875
2.815819776 187299.09375
2.876964864 184029.921875
2.938109952 180709.40625
2.999320576 177337.671875
3.0609899520000003 173914.828125
3.121610752 170441.109375
3.1826903040000003 166913.5
3.243507712 163335.125
3.305373696 159706.578125
3.3657978880000003 156027.84375
3.4267463680000003 152299.296875
3.4874982400000003 148520.921875
3.5492331520000002 144692.953125
3.6092641280000004 140815.734375
3.6699504640000002 136889.40625
3.730833408 132911.375
3.791192064 128884.5703125
3.851157504 124808.984375
3.9121715200000002 120684.96875
3.972661248 116512.7578125
4.032823296 112292.5859375
4.0927232 108024.5703125
4.153933824 103706.84375
4.214554624000001 99341.6171875
4.275437568 94929.2421875
4.335796224 90469.71875
4.397006848 85963.515625
4.456906752 81410.75
4.516937728 76811.7578125
4.5782138880000005 72165.046875
4.639162368 67472.4609375
4.698341376 62734.23828125
4.758634496 57950.6171875
4.818927616 53121.82421875
4.8775168 48247.98046875
4.9366958080000005 43329.43359375
5.0047221760000005 38365.484375
5.064491008 33357.296875
5.122686976000001 28305.220703125
5.181079552 23209.490234375
5.239472128 18070.3359375
5.297340416 12888.45703125
5.352914944 7664.3193359375
5.409210368 2398.970458984375
5.457051648 124997728.0
