0.0 299999.96875
0.061472768000000004 299549.53125
0.12281446400000001 299043.25
0.18428723200000002 298480.75
0.24589107200000002 297862.0
0.30769152 297187.125
0.36877107200000003 296456.28125
0.42958848000000005 295666.03125
0.49060249600000005 294819.46875
0.551747584 293916.6875
0.6130892800000001 292957.875
0.67469312 291942.625
0.7364280320000001 290871.375
0.7975075840000001 289743.875
0.858587136 288560.625
0.919601152 287321.40625
0.9807462400000001 286026.28125
1.041760256 284675.28125
1.103101952 283268.5
1.16457472 281806.09375
1.2255232 280287.8125
1.286602752 278714.125
1.3476167680000002 277085.21875
1.409220608 275400.8125
1.4708244480000001 273661.0
1.5319040000000002 271865.875
1.5926558720000001 270015.5625
1.653604352 268110.3125
1.7150771200000001 266150.09375
1.776091136 264134.84375
1.837498368 262061.953125
1.89923328 259933.875
1.9600506880000002 257750.859375
2.020868096 255513.0
2.08207872 253220.4375
2.143223808 250873.046875
2.204434432 248471.28125
2.265382912 246015.03125
2.3263969280000003 243504.53125
2.387410944 240939.90625
2.4484904960000002 238321.015625
2.5098977280000003 235648.015625
2.5710428160000003 232921.453125
2.63192576 230138.3125
2.6935951360000003 227301.375
2.754609152 224410.671875
2.81575424 221466.296875
2.8770304 218468.609375
2.93797888 215417.59375
2.9993861120000003 212313.484375
3.060727808 209156.3125
3.121610752 205946.265625
3.182362624 202683.734375
3.2434421760000003 199366.484375
3.3050460160000004 195996.828125
3.365666816 192574.921875
3.426287616 189100.96875
3.487432704 185574.984375
3.5487744 181996.96875
3.6090675200000004 178367.015625
3.6696227840000004 174685.375
3.7307023360000002 170952.0625
3.790798848 167165.421875
3.8510919680000004 163327.328125
3.911712768 159438.234375
3.9725301760000002 155498.046875
4.032364544 151507.09375
4.092788736 147465.609375
4.153540608 143373.625
4.214751232 139231.4375
4.2752409600000005 135037.703125
4.335075328 130794.0078125
4.396810240000001 126500.5
4.456251392 122157.5078125
4.517003264 117765.15625
4.5782138880000005 113323.6796875
4.638113792 108833.3046875
4.69827584 104292.875
4.757782528 99703.90625
4.81755136 95066.6171875
4.876926976 90381.1328125
4.935319552 85647.796875
5.004591104 80866.7421875
5.063442432 76038.1796875
5.120262144000001 71161.546875
5.181079552 66237.875
5.237374976 61267.40625
5.292818432000001 56250.25390625
5.351997440000001 51186.76953125
5.397938176 46077.18359375
5.454430208000001 40921.1484375
5.495586816 35719.48046875
5.5337287680000005 30472.408203125
5.570691072000001 25180.16796875
5.610405888000001 19843.107421875
5.644877824 14461.5771484375
5.677187072000001 9036.041015625
5.714673664 3567.1982421875
5.734989824 124998416.0
